115
116
86
87
113
122
99
81
76
66
82
108
80
68
90
80
87
103
81
72
84
72
104
122
116
78
76
108
100
71
83
114
98
114
67
110
71
77
122
83
110
76
76
72
100
72
100
114
78
109
113
82
67
103
76
98
110
110
83
90
108
113
74
103
99
114
81
77
67
112
114
71
77
74
115
104
80
78
109
68
98
104
102
83
68
114
118
108
109
83
112
81
72
116
100
78
71
114
77
74
66
108
112
122
116
108
68
106
110
84
87
74
70
82
110
98
104
112
113
100
78
80
108
103
116
118
99
81
98
118
68
116
109
78
110
74
66
99
82
118
108
82
77
68
87
108
114
104
114
67
115
102
108
83
110
103
80
106
81
74
114
119
102
66
99
82
68
80
118
98
68
100
112
74
112
67
98
66
67
74
82
108
72
106
87
84
81
104
84
118
67
98
104
86
102
98
67
109
116
103
83
108
98
100
119
87
71
74
119
100
108
98
84
87
77
80
112
77
86
72
99
70
108
67
114
66
87
80
66
115
104
67
77
90
70
80
82
113
114
98
86
81
99
113
119
108
106
68
81
114
103
112
74
77
112
80
86
116
116
108
112
78
81
82
104
114
109
66
103
113
100
70
74
109
71
84
122
122
100
72
115
112
83
108
72
67
76
110
116
106
76
67
108
72
77
114
100
122
118
80
7564
